22533
20491
20492
24596
10270
14367
4133
26289
24622
6493
4149
32825
32831
34883
20549
34828
30795
2125
34901
12647
20589
20593
8212
34945
22659
23078
7134
14495
30885
23581
22714
30907
8382
26822
30919
32119
28878
5837
26833
30933
30941
26851
28900
30949
8423
26856
26873
30971
26880
30977
16649
6417
12564
30766
8470
30999
26904
26908
8481
28968
28971
8504
6459
16706
29004
4445
358
10599
35183
33140
12663
18809
29054
16783
29073
35219
18836
29095
22964
22966
6585
29114
14780
18888
18889
18891
18893
4559
4566
14811
31199
16864
25058
20964
12773
31212
35309
20976
33265
23026
20983
14845
21000
21006
4623
31249
35346
31251
16917
21017
2589
12037
35366
8746
23084
33328
16945
16946
35252
33339
4668
4669
578
31300
4876
19039
23145
629
2678
14968
635
2719
31395
33444
8870
4775
2729
15021
23217
2742
21175
4794
31426
21190
712
29387
4813
31439
731
2785
6026
27376
27380
31484
4864
27397
11020
37646
29457
29458
29466
7546
35621
29480
21297
29492
25398
27447
15167
13123
27467
21344
31587
23396
7018
23409
9075
13460
35708
23020
31634
29507
7060
25494
35744
11172
23462
11179
35756
11187
23480
29627
9149
7103
5056
9160
33737
7115
29648
25553
11219
11220
33749
7126
23514
27612
35806
25570
17379
19431
25584
25588
7158
33787
15357
17412
13319
13326
21520
9238
7193
13341
27685
29737
21549
17455
37943
9280
13377
9284
4622
15450
21598
10427
17508
3175
9322
10676
35347
1152
19585
21636
29832
19594
1167
17554
25544
15510
19609
5274
1183
29859
29866
29869
17587
33981
6007
27852
31953
31954
5339
13537
11490
14886
23784
1276
27907
17670
32015
23832
25887
8754
32047
16266
3297
5451
27991
25948
27998
30047
19808
571
28015
23923
28023
3450
19835
36223
23938
28038
5513
19851
1426
36244
30102
36261
23982
36271
26035
3516
21949
26058
26063
36310
19930
21993
19953
19954
19955
3572
7670
22009
11778
19973
19975
9741
19988
36373
22106
17952
30249
9777
36415
20033
9816
9818
22117
36454
18032
18043
11903
13954
22174
13984
20135
18088
20140
20144
17352
18103
14016
24261
30413
11983
11987
14286
20091
16101
18158
16119
15316
5882
16133
32520
14095
12048
18193
12053
30493
5921
30499
10020
24373
3899
5952
34630
24391
28488
12109
1873
28501
3928
3944
28525
1902
24436
1911
32638
28549
24458
24461
14224
26524
6045
3999
1954
34724
1959
16297
2452
5447
28595
8120
8128
24515
22468
22469
4038
22472
34766
14797
32732
24546
36841
22514
